 &plot nbnd=  11, nks=   461 /
            0.000000  0.000000  0.000000
   -5.236   -5.236   -5.236   -5.077   -5.077   -0.183   19.643   19.643   19.643   21.977
   23.752
           -0.010000  0.000000  0.000000
   -5.236   -5.236   -5.236   -5.077   -5.077   -0.182   19.638   19.639   19.639   21.974
   23.758
           -0.020000  0.000000  0.000000
   -5.236   -5.236   -5.236   -5.077   -5.077   -0.180   19.622   19.629   19.629   21.966
   23.775
           -0.030000  0.000000  0.000000
   -5.237   -5.236   -5.236   -5.078   -5.077   -0.176   19.597   19.612   19.612   21.951
   23.804
           -0.040000  0.000000  0.000000
   -5.237   -5.235   -5.235   -5.078   -5.077   -0.172   19.562   19.588   19.588   21.931
   23.844
           -0.050000  0.000000  0.000000
   -5.237   -5.234   -5.234   -5.079   -5.076   -0.166   19.518   19.558   19.558   21.906
   23.894
           -0.060000  0.000000  0.000000
   -5.238   -5.233   -5.233   -5.079   -5.076   -0.158   19.465   19.522   19.522   21.876
   23.954
           -0.070000  0.000000  0.000000
   -5.239   -5.232   -5.232   -5.080   -5.076   -0.150   19.405   19.480   19.480   21.842
   24.021
           -0.080000  0.000000  0.000000
   -5.239   -5.231   -5.231   -5.080   -5.075   -0.140   19.338   19.433   19.433   21.804
   24.096
           -0.090000  0.000000  0.000000
   -5.240   -5.230   -5.230   -5.081   -5.074   -0.128   19.264   19.380   19.380   21.763
   24.176
           -0.100000  0.000000  0.000000
   -5.241   -5.228   -5.228   -5.082   -5.074   -0.116   19.185   19.323   19.323   21.718
   24.260
           -0.110000  0.000000  0.000000
   -5.242   -5.227   -5.227   -5.083   -5.073   -0.101   19.101   19.262   19.262   21.671
   24.345
           -0.120000  0.000000  0.000000
   -5.243   -5.225   -5.225   -5.084   -5.072   -0.086   19.012   19.197   19.197   21.622
   24.427
           -0.130000  0.000000  0.000000
   -5.244   -5.223   -5.223   -5.085   -5.072   -0.069   18.919   19.128   19.128   21.571
   24.500
           -0.140000  0.000000  0.000000
   -5.245   -5.221   -5.221   -5.087   -5.071   -0.051   18.822   19.057   19.057   21.518
   24.556
           -0.150000  0.000000  0.000000
   -5.247   -5.219   -5.219   -5.088   -5.070   -0.032   18.723   18.982   18.982   21.464
   24.581
           -0.160000  0.000000  0.000000
   -5.248   -5.216   -5.216   -5.090   -5.069   -0.011   18.620   18.905   18.905   21.409
   24.563
           -0.170000  0.000000  0.000000
   -5.250   -5.214   -5.214   -5.091   -5.068    0.011   18.516   18.825   18.825   21.353
   24.498
           -0.180000  0.000000  0.000000
   -5.251   -5.211   -5.211   -5.093   -5.067    0.035   18.409   18.744   18.744   21.296
   24.394
           -0.190000  0.000000  0.000000
   -5.253   -5.208   -5.208   -5.094   -5.065    0.060   18.300   18.661   18.661   21.239
   24.264
           -0.200000  0.000000  0.000000
   -5.255   -5.205   -5.205   -5.096   -5.064    0.086   18.189   18.576   18.576   21.181
   24.117
           -0.210000  0.000000  0.000000
   -5.256   -5.202   -5.202   -5.098   -5.063    0.113   18.076   18.490   18.490   21.124
   23.960
           -0.220000  0.000000  0.000000
   -5.258   -5.199   -5.199   -5.100   -5.061    0.142   17.963   18.403   18.403   21.066
   23.797
           -0.230000  0.000000  0.000000
   -5.260   -5.195   -5.195   -5.103   -5.060    0.172   17.847   18.315   18.315   21.008
   23.631
           -0.240000  0.000000  0.000000
   -5.262   -5.192   -5.192   -5.105   -5.059    0.204   17.731   18.227   18.227   20.951
   23.463
           -0.250000  0.000000  0.000000
   -5.264   -5.188   -5.188   -5.107   -5.057    0.237   17.613   18.138   18.138   20.894
   23.294
           -0.260000  0.000000  0.000000
   -5.266   -5.185   -5.185   -5.110   -5.055    0.271   17.495   18.048   18.048   20.837
   23.125
           -0.270000  0.000000  0.000000
   -5.269   -5.181   -5.181   -5.112   -5.054    0.307   17.375   17.958   17.958   20.780
   22.957
           -0.280000  0.000000  0.000000
   -5.271   -5.177   -5.177   -5.115   -5.052    0.344   17.254   17.868   17.868   20.724
   22.789
           -0.290000  0.000000  0.000000
   -5.273   -5.173   -5.173   -5.117   -5.051    0.382   17.132   17.778   17.778   20.668
   22.623
           -0.300000  0.000000  0.000000
   -5.275   -5.168   -5.168   -5.120   -5.049    0.421   17.009   17.688   17.688   20.613
   22.459
           -0.310000  0.000000  0.000000
   -5.278   -5.164   -5.164   -5.123   -5.047    0.462   16.885   17.598   17.598   20.558
   22.297
           -0.320000  0.000000  0.000000
   -5.280   -5.160   -5.160   -5.126   -5.045    0.505   16.761   17.508   17.508   20.504
   22.136
           -0.330000  0.000000  0.000000
   -5.283   -5.155   -5.155   -5.129   -5.043    0.548   16.635   17.419   17.419   20.450
   21.978
           -0.340000  0.000000  0.000000
   -5.286   -5.151   -5.151   -5.132   -5.042    0.593   16.508   17.330   17.330   20.397
   21.822
           -0.350000  0.000000  0.000000
   -5.288   -5.146   -5.146   -5.135   -5.040    0.640   16.381   17.241   17.241   20.345
   21.669
           -0.360000  0.000000  0.000000
   -5.291   -5.141   -5.141   -5.138   -5.038    0.687   16.252   17.153   17.153   20.294
   21.518
           -0.370000  0.000000  0.000000
   -5.294   -5.142   -5.136   -5.136   -5.036    0.736   16.123   17.065   17.065   20.243
   21.370
           -0.380000  0.000000  0.000000
   -5.296   -5.145   -5.131   -5.131   -5.034    0.786   15.992   16.978   16.978   20.193
   21.225
           -0.390000  0.000000  0.000000
   -5.299   -5.149   -5.126   -5.126   -5.032    0.838   15.861   16.892   16.892   20.143
   21.083
           -0.400000  0.000000  0.000000
   -5.302   -5.152   -5.121   -5.121   -5.029    0.891   15.729   16.807   16.807   20.095
   20.943
           -0.410000  0.000000  0.000000
   -5.305   -5.156   -5.116   -5.116   -5.027    0.945   15.595   16.722   16.722   20.047
   20.807
           -0.420000  0.000000  0.000000
   -5.307   -5.159   -5.111   -5.111   -5.025    1.001   15.461   16.638   16.638   20.000
   20.673
           -0.430000  0.000000  0.000000
   -5.310   -5.163   -5.106   -5.106   -5.023    1.058   15.326   16.555   16.555   19.954
   20.543
           -0.440000  0.000000  0.000000
   -5.313   -5.167   -5.100   -5.100   -5.021    1.116   15.190   16.472   16.472   19.908
   20.415
           -0.450000  0.000000  0.000000
   -5.316   -5.171   -5.095   -5.095   -5.019    1.175   15.053   16.391   16.391   19.864
   20.291
           -0.460000  0.000000  0.000000
   -5.319   -5.174   -5.090   -5.090   -5.017    1.236   14.915   16.311   16.311   19.820
   20.170
           -0.470000  0.000000  0.000000
   -5.322   -5.178   -5.084   -5.084   -5.015    1.298   14.776   16.231   16.231   19.777
   20.052
           -0.480000  0.000000  0.000000
   -5.325   -5.182   -5.079   -5.079   -5.012    1.361   14.637   16.153   16.153   19.734
   19.937
           -0.490000  0.000000  0.000000
   -5.328   -5.186   -5.073   -5.073   -5.010    1.426   14.496   16.076   16.076   19.693
   19.825
           -0.500000  0.000000  0.000000
   -5.331   -5.190   -5.068   -5.068   -5.008    1.491   14.355   15.999   15.999   19.652
   19.717
           -0.510000  0.000000  0.000000
   -5.334   -5.194   -5.062   -5.062   -5.006    1.558   14.213   15.924   15.924   19.611
   19.613
           -0.520000  0.000000  0.000000
   -5.337   -5.198   -5.057   -5.057   -5.004    1.627   14.071   15.850   15.850   19.508
   19.574
           -0.530000  0.000000  0.000000
   -5.340   -5.202   -5.051   -5.051   -5.001    1.696   13.928   15.778   15.778   19.409
   19.536
           -0.540000  0.000000  0.000000
   -5.343   -5.206   -5.046   -5.046   -4.999    1.767   13.784   15.706   15.706   19.312
   19.498
           -0.550000  0.000000  0.000000
   -5.346   -5.210   -5.040   -5.040   -4.997    1.838   13.640   15.636   15.636   19.219
   19.462
           -0.560000  0.000000  0.000000
   -5.349   -5.214   -5.035   -5.035   -4.995    1.911   13.496   15.567   15.567   19.128
   19.426
           -0.570000  0.000000  0.000000
   -5.351   -5.218   -5.029   -5.029   -4.993    1.986   13.351   15.499   15.499   19.040
   19.391
           -0.580000  0.000000  0.000000
   -5.354   -5.222   -5.024   -5.024   -4.991    2.061   13.206   15.432   15.432   18.956
   19.357
           -0.590000  0.000000  0.000000
   -5.357   -5.226   -5.019   -5.019   -4.989    2.137   13.060   15.367   15.367   18.873
   19.324
           -0.600000  0.000000  0.000000
   -5.360   -5.230   -5.013   -5.013   -4.986    2.215   12.915   15.303   15.303   18.794
   19.292
           -0.610000  0.000000  0.000000
   -5.363   -5.234   -5.008   -5.008   -4.984    2.293   12.769   15.241   15.241   18.717
   19.261
           -0.620000  0.000000  0.000000
   -5.365   -5.238   -5.003   -5.003   -4.982    2.373   12.623   15.179   15.179   18.643
   19.230
           -0.630000  0.000000  0.000000
   -5.368   -5.242   -4.998   -4.998   -4.980    2.454   12.478   15.119   15.119   18.572
   19.200
           -0.640000  0.000000  0.000000
   -5.371   -5.246   -4.992   -4.992   -4.978    2.536   12.332   15.061   15.061   18.503
   19.171
           -0.650000  0.000000  0.000000
   -5.373   -5.250   -4.987   -4.987   -4.976    2.618   12.187   15.004   15.004   18.436
   19.143
           -0.660000  0.000000  0.000000
   -5.376   -5.254   -4.982   -4.982   -4.974    2.702   12.042   14.948   14.948   18.373
   19.116
           -0.670000  0.000000  0.000000
   -5.379   -5.257   -4.977   -4.977   -4.972    2.786   11.897   14.894   14.894   18.311
   19.089
           -0.680000  0.000000  0.000000
   -5.381   -5.261   -4.972   -4.972   -4.970    2.872   11.753   14.842   14.842   18.252
   19.063
           -0.690000  0.000000  0.000000
   -5.384   -5.265   -4.969   -4.968   -4.968    2.958   11.610   14.790   14.790   18.195
   19.038
           -0.700000  0.000000  0.000000
   -5.386   -5.268   -4.967   -4.963   -4.963    3.045   11.467   14.741   14.741   18.140
   19.014
           -0.710000  0.000000  0.000000
   -5.388   -5.272   -4.965   -4.959   -4.959    3.133   11.324   14.692   14.692   18.088
   18.991
           -0.720000  0.000000  0.000000
   -5.391   -5.275   -4.963   -4.954   -4.954    3.221   11.183   14.646   14.646   18.038
   18.969
           -0.730000  0.000000  0.000000
   -5.393   -5.278   -4.962   -4.950   -4.950    3.310   11.043   14.600   14.600   17.989
   18.947
           -0.740000  0.000000  0.000000
   -5.395   -5.282   -4.960   -4.945   -4.945    3.400   10.903   14.557   14.557   17.943
   18.926
           -0.750000  0.000000  0.000000
   -5.397   -5.285   -4.959   -4.941   -4.941    3.490   10.765   14.515   14.515   17.899
   18.906
           -0.760000  0.000000  0.000000
   -5.399   -5.288   -4.957   -4.937   -4.937    3.580   10.628   14.474   14.474   17.858
   18.887
           -0.770000  0.000000  0.000000
   -5.401   -5.291   -4.955   -4.933   -4.933    3.671   10.492   14.435   14.435   17.818
   18.868
           -0.780000  0.000000  0.000000
   -5.403   -5.294   -4.954   -4.930   -4.930    3.762   10.358   14.398   14.398   17.780
   18.851
           -0.790000  0.000000  0.000000
   -5.405   -5.297   -4.953   -4.926   -4.926    3.852   10.226   14.362   14.362   17.743
   18.834
           -0.800000  0.000000  0.000000
   -5.406   -5.299   -4.951   -4.922   -4.922    3.943   10.096   14.328   14.328   17.709
   18.818
           -0.810000  0.000000  0.000000
   -5.408   -5.302   -4.950   -4.919   -4.919    4.033    9.967   14.295   14.295   17.677
   18.803
           -0.820000  0.000000  0.000000
   -5.410   -5.304   -4.949   -4.916   -4.916    4.123    9.841   14.264   14.264   17.646
   18.788
           -0.830000  0.000000  0.000000
   -5.411   -5.307   -4.948   -4.913   -4.913    4.213    9.718   14.235   14.235   17.618
   18.774
           -0.840000  0.000000  0.000000
   -5.413   -5.309   -4.947   -4.910   -4.910    4.301    9.597   14.207   14.207   17.591
   18.762
           -0.850000  0.000000  0.000000
   -5.414   -5.311   -4.946   -4.907   -4.907    4.388    9.479   14.181   14.181   17.565
   18.749
           -0.860000  0.000000  0.000000
   -5.415   -5.313   -4.945   -4.904   -4.904    4.473    9.365   14.157   14.157   17.542
   18.738
           -0.870000  0.000000  0.000000
   -5.417   -5.315   -4.944   -4.902   -4.902    4.557    9.255   14.134   14.134   17.520
   18.728
           -0.880000  0.000000  0.000000
   -5.418   -5.316   -4.943   -4.900   -4.900    4.638    9.148   14.113   14.113   17.500
   18.718
           -0.890000  0.000000  0.000000
   -5.419   -5.318   -4.942   -4.898   -4.898    4.717    9.047   14.093   14.093   17.482
   18.709
           -0.900000  0.000000  0.000000
   -5.420   -5.320   -4.941   -4.896   -4.896    4.792    8.951   14.076   14.076   17.465
   18.701
           -0.910000  0.000000  0.000000
   -5.421   -5.321   -4.941   -4.894   -4.894    4.863    8.860   14.060   14.060   17.450
   18.693
           -0.920000  0.000000  0.000000
   -5.421   -5.322   -4.940   -4.893   -4.893    4.930    8.776   14.045   14.045   17.436
   18.687
           -0.930000  0.000000  0.000000
   -5.422   -5.323   -4.940   -4.891   -4.891    4.992    8.700   14.032   14.032   17.424
   18.681
           -0.940000  0.000000  0.000000
   -5.423   -5.324   -4.939   -4.890   -4.890    5.048    8.631   14.021   14.021   17.414
   18.676
           -0.950000  0.000000  0.000000
   -5.423   -5.325   -4.939   -4.889   -4.889    5.096    8.571   14.012   14.012   17.405
   18.672
           -0.960000  0.000000  0.000000
   -5.424   -5.326   -4.938   -4.888   -4.888    5.138    8.521   14.004   14.004   17.398
   18.668
           -0.970000  0.000000  0.000000
   -5.424   -5.326   -4.938   -4.888   -4.888    5.171    8.481   13.998   13.998   17.393
   18.665
           -0.980000  0.000000  0.000000
   -5.424   -5.326   -4.938   -4.887   -4.887    5.195    8.451   13.994   13.994   17.389
   18.664
           -0.990000  0.000000  0.000000
   -5.424   -5.327   -4.938   -4.887   -4.887    5.209    8.434   13.992   13.992   17.386
   18.662
           -1.000000  0.000000  0.000000
   -5.424   -5.327   -4.938   -4.887   -4.887    5.214    8.428   13.991   13.991   17.386
   18.662
           -1.000000  0.000000  0.010000
   -5.424   -5.327   -4.938   -4.887   -4.887    5.214    8.429   13.987   13.987   17.391
   18.666
           -1.000000  0.000000  0.020000
   -5.424   -5.326   -4.938   -4.887   -4.887    5.215    8.431   13.977   13.977   17.407
   18.679
           -1.000000  0.000000  0.030000
   -5.423   -5.326   -4.939   -4.888   -4.887    5.215    8.435   13.960   13.960   17.433
   18.701
           -1.000000  0.000000  0.040000
   -5.422   -5.325   -4.939   -4.889   -4.887    5.216    8.441   13.936   13.937   17.468
   18.731
           -1.000000  0.000000  0.050000
   -5.421   -5.325   -4.939   -4.891   -4.887    5.217    8.449   13.906   13.909   17.514
   18.768
           -1.000000  0.000000  0.060000
   -5.420   -5.324   -4.940   -4.892   -4.887    5.218    8.458   13.870   13.874   17.568
   18.814
           -1.000000  0.000000  0.070000
   -5.418   -5.323   -4.941   -4.894   -4.887    5.220    8.470   13.828   13.835   17.631
   18.867
           -1.000000  0.000000  0.080000
   -5.417   -5.322   -4.942   -4.896   -4.887    5.221    8.482   13.781   13.792   17.702
   18.927
           -1.000000  0.000000  0.090000
   -5.415   -5.321   -4.943   -4.899   -4.887    5.223    8.497   13.729   13.745   17.780
   18.994
           -1.000000  0.000000  0.100000
   -5.412   -5.319   -4.944   -4.901   -4.887    5.225    8.513   13.672   13.695   17.865
   19.067
           -1.000000  0.000000  0.110000
   -5.410   -5.318   -4.945   -4.905   -4.887    5.227    8.531   13.611   13.642   17.957
   19.146
           -1.000000  0.000000  0.120000
   -5.407   -5.316   -4.947   -4.908   -4.887    5.229    8.550   13.547   13.587   18.054
   19.231
           -1.000000  0.000000  0.130000
   -5.404   -5.314   -4.948   -4.911   -4.887    5.232    8.571   13.479   13.531   18.157
   19.321
           -1.000000  0.000000  0.140000
   -5.401   -5.312   -4.950   -4.915   -4.887    5.234    8.594   13.408   13.473   18.265
   19.415
           -1.000000  0.000000  0.150000
   -5.398   -5.310   -4.952   -4.919   -4.887    5.237    8.618   13.334   13.414   18.377
   19.514
           -1.000000  0.000000  0.160000
   -5.394   -5.308   -4.954   -4.924   -4.887    5.240    8.644   13.258   13.354   18.493
   19.617
           -1.000000  0.000000  0.170000
   -5.391   -5.306   -4.956   -4.928   -4.887    5.243    8.672   13.180   13.295   18.614
   19.724
           -1.000000  0.000000  0.180000
   -5.387   -5.303   -4.958   -4.933   -4.887    5.246    8.701   13.100   13.235   18.738
   19.835
           -1.000000  0.000000  0.190000
   -5.382   -5.301   -4.960   -4.939   -4.887    5.249    8.732   13.018   13.175   18.866
   19.949
           -1.000000  0.000000  0.200000
   -5.378   -5.298   -4.962   -4.944   -4.887    5.253    8.765   12.935   13.116   18.997
   20.066
           -1.000000  0.000000  0.210000
   -5.373   -5.295   -4.964   -4.949   -4.887    5.256    8.799   12.851   13.057   19.130
   20.186
           -1.000000  0.000000  0.220000
   -5.369   -5.293   -4.967   -4.955   -4.887    5.260    8.835   12.765   13.000   19.267
   20.308
           -1.000000  0.000000  0.230000
   -5.364   -5.290   -4.969   -4.961   -4.887    5.263    8.872   12.679   12.943   19.406
   20.434
           -1.000000  0.000000  0.240000
   -5.358   -5.287   -4.972   -4.967   -4.887    5.267    8.911   12.593   12.887   19.548
   20.562
           -1.000000  0.000000  0.250000
   -5.353   -5.284   -4.974   -4.974   -4.887    5.270    8.951   12.506   12.833   19.692
   20.692
           -1.000000  0.000000  0.260000
   -5.347   -5.281   -4.980   -4.977   -4.887    5.274    8.993   12.418   12.780   19.838
   20.824
           -1.000000  0.000000  0.270000
   -5.342   -5.278   -4.987   -4.980   -4.887    5.278    9.036   12.330   12.729   19.987
   20.959
           -1.000000  0.000000  0.280000
   -5.336   -5.275   -4.994   -4.982   -4.887    5.281    9.081   12.242   12.679   20.137
   21.095
           -1.000000  0.000000  0.290000
   -5.329   -5.272   -5.001   -4.985   -4.887    5.285    9.128   12.154   12.630   20.289
   21.233
           -1.000000  0.000000  0.300000
   -5.323   -5.268   -5.008   -4.988   -4.887    5.288    9.175   12.066   12.584   20.442
   21.373
           -1.000000  0.000000  0.310000
   -5.317   -5.265   -5.016   -4.991   -4.887    5.292    9.225   11.978   12.539   20.597
   21.515
           -1.000000  0.000000  0.320000
   -5.310   -5.262   -5.023   -4.993   -4.887    5.295    9.275   11.891   12.497   20.753
   21.658
           -1.000000  0.000000  0.330000
   -5.303   -5.259   -5.031   -4.996   -4.887    5.299    9.328   11.804   12.456   20.910
   21.803
           -1.000000  0.000000  0.340000
   -5.296   -5.256   -5.038   -4.999   -4.887    5.302    9.381   11.717   12.417   21.068
   21.949
           -1.000000  0.000000  0.350000
   -5.289   -5.253   -5.046   -5.002   -4.887    5.305    9.436   11.630   12.380   21.227
   22.097
           -1.000000  0.000000  0.360000
   -5.282   -5.250   -5.054   -5.004   -4.887    5.308    9.493   11.544   12.346   21.386
   22.246
           -1.000000  0.000000  0.370000
   -5.275   -5.247   -5.062   -5.007   -4.887    5.311    9.550   11.459   12.314   21.545
   22.397
           -1.000000  0.000000  0.380000
   -5.267   -5.245   -5.070   -5.009   -4.887    5.314    9.610   11.374   12.284   21.703
   22.548
           -1.000000  0.000000  0.390000
   -5.260   -5.242   -5.079   -5.012   -4.887    5.316    9.670   11.289   12.256   21.861
   22.701
           -1.000000  0.000000  0.400000
   -5.252   -5.239   -5.087   -5.014   -4.887    5.318    9.732   11.206   12.230   22.017
   22.856
           -1.000000  0.000000  0.410000
   -5.244   -5.237   -5.095   -5.016   -4.887    5.321    9.795   11.123   12.207   22.171
   23.011
           -1.000000  0.000000  0.420000
   -5.237   -5.235   -5.104   -5.018   -4.887    5.323    9.859   11.041   12.186   22.322
   23.167
           -1.000000  0.000000  0.430000
   -5.233   -5.229   -5.112   -5.020   -4.887    5.324    9.924   10.960   12.168   22.467
   23.325
           -1.000000  0.000000  0.440000
   -5.231   -5.221   -5.120   -5.021   -4.887    5.326    9.991   10.879   12.152   22.606
   23.484
           -1.000000  0.000000  0.450000
   -5.230   -5.213   -5.129   -5.023   -4.887    5.327   10.059   10.800   12.138   22.735
   23.643
           -1.000000  0.000000  0.460000
   -5.229   -5.204   -5.137   -5.024   -4.887    5.328   10.128   10.721   12.127   22.851
   23.804
           -1.000000  0.000000  0.470000
   -5.228   -5.196   -5.146   -5.025   -4.887    5.329   10.199   10.643   12.118   22.950
   23.966
           -1.000000  0.000000  0.480000
   -5.227   -5.188   -5.154   -5.025   -4.887    5.330   10.270   10.567   12.112   23.027
   24.128
           -1.000000  0.000000  0.490000
   -5.226   -5.179   -5.163   -5.025   -4.887    5.330   10.343   10.491   12.108   23.075
   24.292
           -1.000000  0.000000  0.500000
   -5.226   -5.171   -5.171   -5.026   -4.887    5.330   10.416   10.416   12.107   23.092
   24.456
           -0.992857 -0.007143  0.500000
   -5.226   -5.171   -5.171   -5.026   -4.887    5.329   10.411   10.419   12.113   23.085
   24.451
           -0.985714 -0.014286  0.500000
   -5.227   -5.171   -5.170   -5.026   -4.887    5.324   10.396   10.429   12.132   23.062
   24.437
           -0.978571 -0.021429  0.500000
   -5.227   -5.171   -5.169   -5.026   -4.888    5.317   10.371   10.444   12.162   23.027
   24.416
           -0.971429 -0.028571  0.500000
   -5.228   -5.172   -5.167   -5.026   -4.888    5.307   10.337   10.466   12.202   22.980
   24.387
           -0.964286 -0.035714  0.500000
   -5.229   -5.172   -5.166   -5.026   -4.889    5.294   10.296   10.493   12.252   22.925
   24.354
           -0.957143 -0.042857  0.500000
   -5.230   -5.173   -5.163   -5.026   -4.890    5.279   10.248   10.527   12.311   22.862
   24.317
           -0.950000 -0.050000  0.500000
   -5.231   -5.174   -5.161   -5.026   -4.892    5.260   10.196   10.566   12.376   22.795
   24.277
           -0.942857 -0.057143  0.500000
   -5.232   -5.175   -5.158   -5.026   -4.893    5.240   10.139   10.611   12.448   22.723
   24.235
           -0.935714 -0.064286  0.500000
   -5.233   -5.176   -5.155   -5.027   -4.895    5.217   10.078   10.661   12.525   22.649
   24.193
           -0.928571 -0.071429  0.500000
   -5.234   -5.177   -5.151   -5.027   -4.897    5.193   10.015   10.717   12.607   22.574
   24.149
           -0.921429 -0.078571  0.500000
   -5.235   -5.178   -5.148   -5.027   -4.899    5.166    9.950   10.778   12.693   22.496
   24.105
           -0.914286 -0.085714  0.500000
   -5.236   -5.179   -5.144   -5.028   -4.901    5.137    9.883   10.843   12.782   22.419
   24.061
           -0.907143 -0.092857  0.500000
   -5.237   -5.181   -5.140   -5.029   -4.903    5.107    9.816   10.914   12.875   22.341
   24.017
           -0.900000 -0.100000  0.500000
   -5.238   -5.182   -5.136   -5.029   -4.905    5.076    9.747   10.989   12.970   22.263
   23.973
           -0.892857 -0.107143  0.500000
   -5.239   -5.183   -5.132   -5.030   -4.907    5.043    9.678   11.069   13.067   22.185
   23.930
           -0.885714 -0.114286  0.500000
   -5.240   -5.185   -5.128   -5.032   -4.909    5.009    9.609   11.152   13.167   22.108
   23.887
           -0.878571 -0.121429  0.500000
   -5.241   -5.187   -5.123   -5.033   -4.912    4.974    9.540   11.240   13.268   22.032
   23.844
           -0.871429 -0.128571  0.500000
   -5.241   -5.188   -5.119   -5.034   -4.914    4.938    9.471   11.332   13.371   21.956
   23.803
           -0.864286 -0.135714  0.500000
   -5.242   -5.190   -5.114   -5.036   -4.916    4.902    9.402   11.428   13.476   21.882
   23.761
           -0.857143 -0.142857  0.500000
   -5.242   -5.192   -5.110   -5.038   -4.918    4.865    9.334   11.527   13.582   21.809
   23.721
           -0.850000 -0.150000  0.500000
   -5.243   -5.194   -5.105   -5.040   -4.920    4.828    9.266   11.629   13.689   21.737
   23.681
           -0.842857 -0.157143  0.500000
   -5.243   -5.196   -5.100   -5.043   -4.922    4.790    9.199   11.735   13.798   21.666
   23.642
           -0.835714 -0.164286  0.500000
   -5.243   -5.198   -5.095   -5.046   -4.924    4.752    9.133   11.844   13.907   21.597
   23.603
           -0.828571 -0.171429  0.500000
   -5.244   -5.200   -5.090   -5.049   -4.925    4.714    9.067   11.956   14.017   21.529
   23.565
           -0.821429 -0.178571  0.500000
   -5.244   -5.202   -5.085   -5.052   -4.927    4.676    9.002   12.071   14.129   21.463
   23.528
           -0.814286 -0.185714  0.500000
   -5.244   -5.204   -5.080   -5.056   -4.928    4.638    8.938   12.189   14.240   21.399
   23.492
           -0.807143 -0.192857  0.500000
   -5.244   -5.206   -5.075   -5.060   -4.929    4.601    8.876   12.309   14.353   21.336
   23.456
           -0.800000 -0.200000  0.500000
   -5.244   -5.208   -5.070   -5.064   -4.930    4.563    8.814   12.432   14.466   21.275
   23.421
           -0.792857 -0.207143  0.500000
   -5.244   -5.210   -5.069   -5.065   -4.931    4.526    8.753   12.558   14.580   21.216
   23.387
           -0.785714 -0.214286  0.500000
   -5.244   -5.212   -5.073   -5.059   -4.932    4.490    8.693   12.685   14.693   21.160
   23.353
           -0.778571 -0.221429  0.500000
   -5.243   -5.214   -5.078   -5.054   -4.933    4.453    8.635   12.815   14.807   21.105
   23.320
           -0.771429 -0.228571  0.500000
   -5.243   -5.216   -5.083   -5.049   -4.933    4.418    8.578   12.947   14.922   21.052
   23.288
           -0.764286 -0.235714  0.500000
   -5.243   -5.218   -5.089   -5.044   -4.933    4.383    8.521   13.081   15.036   21.002
   23.256
           -0.757143 -0.242857  0.500000
   -5.242   -5.220   -5.094   -5.039   -4.933    4.348    8.467   13.217   15.150   20.954
   23.225
           -0.750000 -0.250000  0.500000
   -5.242   -5.222   -5.099   -5.034   -4.934    4.314    8.413   13.355   15.264   20.908
   23.194
           -0.742857 -0.257143  0.500000
   -5.241   -5.224   -5.105   -5.029   -4.934    4.281    8.360   13.494   15.378   20.865
   23.164
           -0.735714 -0.264286  0.500000
   -5.241   -5.227   -5.111   -5.024   -4.934    4.249    8.309   13.635   15.491   20.825
   23.135
           -0.728571 -0.271429  0.500000
   -5.240   -5.229   -5.116   -5.019   -4.934    4.217    8.260   13.778   15.604   20.788
   23.105
           -0.721429 -0.278571  0.500000
   -5.240   -5.231   -5.122   -5.014   -4.933    4.186    8.211   13.922   15.715   20.753
   23.077
           -0.714286 -0.285714  0.500000
   -5.239   -5.233   -5.128   -5.009   -4.933    4.156    8.164   14.067   15.826   20.722
   23.048
           -0.707143 -0.292857  0.500000
   -5.239   -5.235   -5.133   -5.004   -4.933    4.127    8.118   14.214   15.936   20.693
   23.020
           -0.700000 -0.300000  0.500000
   -5.238   -5.237   -5.139   -4.999   -4.933    4.099    8.074   14.361   16.045   20.669
   22.992
           -0.692857 -0.307143  0.500000
   -5.239   -5.237   -5.144   -4.995   -4.932    4.071    8.031   14.510   16.152   20.647
   22.964
           -0.685714 -0.314286  0.500000
   -5.241   -5.237   -5.150   -4.990   -4.932    4.045    7.989   14.659   16.257   20.629
   22.936
           -0.678571 -0.321429  0.500000
   -5.243   -5.236   -5.155   -4.986   -4.932    4.019    7.949   14.810   16.360   20.616
   22.907
           -0.671429 -0.328571  0.500000
   -5.245   -5.235   -5.161   -4.981   -4.931    3.994    7.911   14.960   16.461   20.606
   22.878
           -0.664286 -0.335714  0.500000
   -5.247   -5.235   -5.166   -4.977   -4.931    3.970    7.874   15.111   16.560   20.600
   22.849
           -0.657143 -0.342857  0.500000
   -5.249   -5.234   -5.171   -4.973   -4.931    3.948    7.838   15.263   16.655   20.599
   22.819
           -0.650000 -0.350000  0.500000
   -5.251   -5.233   -5.175   -4.969   -4.930    3.926    7.804   15.414   16.748   20.602
   22.787
           -0.642857 -0.357143  0.500000
   -5.253   -5.233   -5.180   -4.965   -4.930    3.905    7.771   15.565   16.838   20.611
   22.755
           -0.635714 -0.364286  0.500000
   -5.254   -5.232   -5.184   -4.962   -4.930    3.885    7.740   15.716   16.924   20.624
   22.720
           -0.628571 -0.371429  0.500000
   -5.256   -5.231   -5.189   -4.958   -4.929    3.866    7.711   15.866   17.006   20.642
   22.683
           -0.621429 -0.378571  0.500000
   -5.258   -5.231   -5.193   -4.955   -4.929    3.848    7.683   16.015   17.084   20.665
   22.643
           -0.614286 -0.385714  0.500000
   -5.260   -5.230   -5.196   -4.952   -4.928    3.831    7.656   16.162   17.158   20.693
   22.600
           -0.607143 -0.392857  0.500000
   -5.261   -5.229   -5.200   -4.949   -4.928    3.815    7.631   16.307   17.228   20.726
   22.553
           -0.600000 -0.400000  0.500000
   -5.263   -5.229   -5.203   -4.946   -4.928    3.800    7.608   16.451   17.293   20.764
   22.501
           -0.592857 -0.407143  0.500000
   -5.265   -5.228   -5.206   -4.943   -4.928    3.787    7.586   16.591   17.353   20.806
   22.445
           -0.585714 -0.414286  0.500000
   -5.266   -5.228   -5.209   -4.940   -4.927    3.774    7.566   16.728   17.409   20.853
   22.384
           -0.578571 -0.421429  0.500000
   -5.268   -5.227   -5.212   -4.938   -4.927    3.762    7.547   16.860   17.460   20.904
   22.318
           -0.571429 -0.428571  0.500000
   -5.269   -5.227   -5.214   -4.936   -4.927    3.751    7.530   16.988   17.506   20.958
   22.248
           -0.564286 -0.435714  0.500000
   -5.270   -5.226   -5.216   -4.934   -4.926    3.741    7.515   17.109   17.547   21.014
   22.176
           -0.557143 -0.442857  0.500000
   -5.272   -5.226   -5.218   -4.932   -4.926    3.732    7.501   17.223   17.583   21.071
   22.102
           -0.550000 -0.450000  0.500000
   -5.273   -5.226   -5.219   -4.931   -4.926    3.725    7.489   17.329   17.615   21.129
   22.029
           -0.542857 -0.457143  0.500000
   -5.274   -5.225   -5.221   -4.929   -4.926    3.718    7.478   17.425   17.642   21.186
   21.959
           -0.535714 -0.464286  0.500000
   -5.275   -5.225   -5.222   -4.928   -4.926    3.712    7.469   17.509   17.665   21.239
   21.895
           -0.528571 -0.471429  0.500000
   -5.275   -5.225   -5.223   -4.927   -4.926    3.708    7.462   17.581   17.684   21.288
   21.839
           -0.521429 -0.478571  0.500000
   -5.276   -5.225   -5.224   -4.926   -4.926    3.704    7.456   17.639   17.698   21.329
   21.792
           -0.514286 -0.485714  0.500000
   -5.276   -5.225   -5.224   -4.926   -4.926    3.702    7.452   17.682   17.708   21.360
   21.757
           -0.507143 -0.492857  0.500000
   -5.276   -5.225   -5.225   -4.926   -4.926    3.700    7.449   17.708   17.714   21.380
   21.736
           -0.500000 -0.500000  0.500000
   -5.277   -5.225   -5.225   -4.926   -4.926    3.699    7.449   17.716   17.716   21.387
   21.729
           -0.495000 -0.495000  0.495000
   -5.276   -5.225   -5.225   -4.926   -4.926    3.697    7.453   17.717   17.717   21.385
   21.731
           -0.490000 -0.490000  0.490000
   -5.276   -5.225   -5.225   -4.926   -4.926    3.688    7.464   17.718   17.718   21.381
   21.737
           -0.485000 -0.485000  0.485000
   -5.276   -5.224   -5.224   -4.926   -4.926    3.675    7.483   17.720   17.720   21.375
   21.747
           -0.480000 -0.480000  0.480000
   -5.276   -5.224   -5.224   -4.926   -4.926    3.656    7.509   17.722   17.722   21.367
   21.760
           -0.475000 -0.475000  0.475000
   -5.276   -5.224   -5.224   -4.927   -4.927    3.632    7.543   17.726   17.726   21.358
   21.776
           -0.470000 -0.470000  0.470000
   -5.276   -5.224   -5.224   -4.928   -4.928    3.603    7.583   17.730   17.730   21.347
   21.795
           -0.465000 -0.465000  0.465000
   -5.276   -5.224   -5.224   -4.928   -4.928    3.570    7.630   17.735   17.735   21.335
   21.816
           -0.460000 -0.460000  0.460000
   -5.275   -5.223   -5.223   -4.929   -4.929    3.533    7.684   17.740   17.740   21.323
   21.839
           -0.455000 -0.455000  0.455000
   -5.275   -5.223   -5.223   -4.930   -4.930    3.492    7.743   17.747   17.747   21.311
   21.864
           -0.450000 -0.450000  0.450000
   -5.275   -5.223   -5.223   -4.932   -4.932    3.447    7.808   17.754   17.754   21.299
   21.890
           -0.445000 -0.445000  0.445000
   -5.274   -5.222   -5.222   -4.933   -4.933    3.399    7.878   17.762   17.762   21.286
   21.918
           -0.440000 -0.440000  0.440000
   -5.274   -5.222   -5.222   -4.934   -4.934    3.349    7.953   17.770   17.770   21.274
   21.948
           -0.435000 -0.435000  0.435000
   -5.274   -5.222   -5.222   -4.936   -4.936    3.296    8.032   17.780   17.780   21.262
   21.978
           -0.430000 -0.430000  0.430000
   -5.273   -5.221   -5.221   -4.937   -4.937    3.241    8.116   17.790   17.790   21.250
   22.010
           -0.425000 -0.425000  0.425000
   -5.273   -5.221   -5.221   -4.939   -4.939    3.184    8.204   17.800   17.800   21.238
   22.043
           -0.420000 -0.420000  0.420000
   -5.272   -5.220   -5.220   -4.941   -4.941    3.125    8.296   17.812   17.812   21.227
   22.077
           -0.415000 -0.415000  0.415000
   -5.272   -5.219   -5.219   -4.943   -4.943    3.065    8.391   17.824   17.824   21.217
   22.111
           -0.410000 -0.410000  0.410000
   -5.271   -5.219   -5.219   -4.945   -4.945    3.004    8.489   17.837   17.837   21.206
   22.147
           -0.405000 -0.405000  0.405000
   -5.271   -5.218   -5.218   -4.947   -4.947    2.942    8.591   17.850   17.850   21.197
   22.184
           -0.400000 -0.400000  0.400000
   -5.270   -5.217   -5.217   -4.949   -4.949    2.879    8.695   17.864   17.864   21.187
   22.222
           -0.395000 -0.395000  0.395000
   -5.270   -5.217   -5.217   -4.951   -4.951    2.815    8.803   17.879   17.879   21.179
   22.261
           -0.390000 -0.390000  0.390000
   -5.269   -5.216   -5.216   -4.954   -4.954    2.751    8.913   17.895   17.895   21.170
   22.301
           -0.385000 -0.385000  0.385000
   -5.268   -5.215   -5.215   -4.956   -4.956    2.686    9.025   17.911   17.911   21.163
   22.342
           -0.380000 -0.380000  0.380000
   -5.268   -5.215   -5.215   -4.959   -4.959    2.621    9.140   17.927   17.927   21.156
   22.384
           -0.375000 -0.375000  0.375000
   -5.267   -5.214   -5.214   -4.961   -4.961    2.556    9.257   17.945   17.945   21.149
   22.427
           -0.370000 -0.370000  0.370000
   -5.266   -5.213   -5.213   -4.964   -4.964    2.491    9.376   17.963   17.963   21.143
   22.470
           -0.365000 -0.365000  0.365000
   -5.266   -5.212   -5.212   -4.967   -4.967    2.427    9.497   17.981   17.981   21.137
   22.515
           -0.360000 -0.360000  0.360000
   -5.265   -5.211   -5.211   -4.970   -4.970    2.362    9.620   18.001   18.001   21.132
   22.560
           -0.355000 -0.355000  0.355000
   -5.264   -5.211   -5.211   -4.972   -4.972    2.297    9.745   18.020   18.020   21.128
   22.607
           -0.350000 -0.350000  0.350000
   -5.263   -5.210   -5.210   -4.975   -4.975    2.233    9.871   18.041   18.041   21.124
   22.654
           -0.345000 -0.345000  0.345000
   -5.263   -5.209   -5.209   -4.978   -4.978    2.169    9.999   18.062   18.062   21.121
   22.702
           -0.340000 -0.340000  0.340000
   -5.262   -5.208   -5.208   -4.981   -4.981    2.105   10.129   18.083   18.083   21.118
   22.752
           -0.335000 -0.335000  0.335000
   -5.261   -5.207   -5.207   -4.985   -4.985    2.042   10.261   18.105   18.105   21.116
   22.802
           -0.330000 -0.330000  0.330000
   -5.260   -5.207   -5.207   -4.988   -4.988    1.980   10.394   18.128   18.128   21.114
   22.853
           -0.325000 -0.325000  0.325000
   -5.260   -5.206   -5.206   -4.991   -4.991    1.918   10.529   18.151   18.151   21.113
   22.905
           -0.320000 -0.320000  0.320000
   -5.259   -5.205   -5.205   -4.994   -4.994    1.857   10.665   18.174   18.174   21.113
   22.958
           -0.315000 -0.315000  0.315000
   -5.258   -5.204   -5.204   -4.997   -4.997    1.796   10.802   18.198   18.198   21.113
   23.011
           -0.310000 -0.310000  0.310000
   -5.257   -5.203   -5.203   -5.000   -5.000    1.736   10.941   18.222   18.222   21.113
   23.066
           -0.305000 -0.305000  0.305000
   -5.257   -5.202   -5.202   -5.004   -5.004    1.676   11.081   18.247   18.247   21.115
   23.121
           -0.300000 -0.300000  0.300000
   -5.256   -5.202   -5.202   -5.007   -5.007    1.618   11.222   18.273   18.273   21.116
   23.178
           -0.295000 -0.295000  0.295000
   -5.255   -5.201   -5.201   -5.010   -5.010    1.560   11.365   18.298   18.298   21.119
   23.235
           -0.290000 -0.290000  0.290000
   -5.254   -5.200   -5.200   -5.013   -5.013    1.503   11.509   18.324   18.324   21.121
   23.293
           -0.285000 -0.285000  0.285000
   -5.254   -5.200   -5.200   -5.016   -5.016    1.446   11.654   18.351   18.351   21.125
   23.353
           -0.280000 -0.280000  0.280000
   -5.253   -5.199   -5.199   -5.020   -5.020    1.391   11.800   18.378   18.378   21.129
   23.412
           -0.275000 -0.275000  0.275000
   -5.252   -5.198   -5.198   -5.023   -5.023    1.336   11.947   18.405   18.405   21.133
   23.473
           -0.270000 -0.270000  0.270000
   -5.252   -5.198   -5.198   -5.026   -5.026    1.282   12.095   18.432   18.432   21.138
   23.535
           -0.265000 -0.265000  0.265000
   -5.251   -5.197   -5.197   -5.029   -5.029    1.229   12.245   18.460   18.460   21.144
   23.597
           -0.260000 -0.260000  0.260000
   -5.250   -5.197   -5.197   -5.032   -5.032    1.177   12.395   18.488   18.488   21.150
   23.661
           -0.255000 -0.255000  0.255000
   -5.249   -5.197   -5.197   -5.035   -5.035    1.126   12.546   18.517   18.517   21.157
   23.725
           -0.250000 -0.250000  0.250000
   -5.249   -5.196   -5.196   -5.038   -5.038    1.075   12.699   18.545   18.545   21.164
   23.790
           -0.245000 -0.245000  0.245000
   -5.248   -5.196   -5.196   -5.041   -5.041    1.026   12.852   18.574   18.574   21.172
   23.856
           -0.240000 -0.240000  0.240000
   -5.248   -5.196   -5.196   -5.043   -5.043    0.978   13.006   18.603   18.603   21.180
   23.922
           -0.235000 -0.235000  0.235000
   -5.247   -5.196   -5.196   -5.046   -5.046    0.930   13.161   18.633   18.633   21.189
   23.989
           -0.230000 -0.230000  0.230000
   -5.246   -5.196   -5.196   -5.049   -5.049    0.883   13.317   18.662   18.662   21.198
   24.057
           -0.225000 -0.225000  0.225000
   -5.246   -5.196   -5.196   -5.051   -5.051    0.838   13.474   18.691   18.691   21.208
   24.125
           -0.220000 -0.220000  0.220000
   -5.245   -5.196   -5.196   -5.053   -5.053    0.793   13.632   18.721   18.721   21.219
   24.194
           -0.215000 -0.215000  0.215000
   -5.245   -5.196   -5.196   -5.056   -5.056    0.749   13.790   18.751   18.751   21.230
   24.264
           -0.210000 -0.210000  0.210000
   -5.244   -5.197   -5.197   -5.058   -5.058    0.707   13.949   18.781   18.781   21.241
   24.334
           -0.205000 -0.205000  0.205000
   -5.244   -5.197   -5.197   -5.060   -5.060    0.665   14.109   18.811   18.811   21.253
   24.404
           -0.200000 -0.200000  0.200000
   -5.243   -5.198   -5.198   -5.062   -5.062    0.624   14.269   18.840   18.840   21.265
   24.474
           -0.195000 -0.195000  0.195000
   -5.243   -5.198   -5.198   -5.063   -5.063    0.584   14.430   18.870   18.870   21.278
   24.544
           -0.190000 -0.190000  0.190000
   -5.242   -5.199   -5.199   -5.065   -5.065    0.545   14.592   18.900   18.900   21.292
   24.614
           -0.185000 -0.185000  0.185000
   -5.242   -5.200   -5.200   -5.067   -5.067    0.508   14.754   18.930   18.930   21.306
   24.683
           -0.180000 -0.180000  0.180000
   -5.241   -5.200   -5.200   -5.068   -5.068    0.471   14.917   18.959   18.959   21.320
   24.750
           -0.175000 -0.175000  0.175000
   -5.241   -5.201   -5.201   -5.069   -5.069    0.435   15.080   18.989   18.989   21.335
   24.815
           -0.170000 -0.170000  0.170000
   -5.241   -5.202   -5.202   -5.071   -5.071    0.400   15.243   19.018   19.018   21.351
   24.875
           -0.165000 -0.165000  0.165000
   -5.240   -5.203   -5.203   -5.072   -5.072    0.366   15.407   19.047   19.047   21.367
   24.930
           -0.160000 -0.160000  0.160000
   -5.240   -5.205   -5.205   -5.073   -5.073    0.334   15.571   19.076   19.076   21.383
   24.974
           -0.155000 -0.155000  0.155000
   -5.240   -5.206   -5.206   -5.073   -5.073    0.302   15.736   19.105   19.105   21.400
   25.003
           -0.150000 -0.150000  0.150000
   -5.239   -5.207   -5.207   -5.074   -5.074    0.271   15.900   19.133   19.133   21.417
   25.012
           -0.145000 -0.145000  0.145000
   -5.239   -5.208   -5.208   -5.075   -5.075    0.241   16.064   19.161   19.161   21.434
   25.001
           -0.140000 -0.140000  0.140000
   -5.239   -5.210   -5.210   -5.075   -5.075    0.212   16.229   19.189   19.189   21.452
   24.973
           -0.135000 -0.135000  0.135000
   -5.239   -5.211   -5.211   -5.076   -5.076    0.185   16.393   19.216   19.216   21.471
   24.933
           -0.130000 -0.130000  0.130000
   -5.238   -5.212   -5.212   -5.076   -5.076    0.158   16.557   19.243   19.243   21.489
   24.885
           -0.125000 -0.125000  0.125000
   -5.238   -5.214   -5.214   -5.077   -5.077    0.132   16.721   19.270   19.270   21.508
   24.832
           -0.120000 -0.120000  0.120000
   -5.238   -5.215   -5.215   -5.077   -5.077    0.107   16.884   19.295   19.295   21.528
   24.777
           -0.115000 -0.115000  0.115000
   -5.238   -5.217   -5.217   -5.077   -5.077    0.084   17.046   19.321   19.321   21.548
   24.721
           -0.110000 -0.110000  0.110000
   -5.238   -5.218   -5.218   -5.078   -5.078    0.061   17.207   19.345   19.345   21.568
   24.664
           -0.105000 -0.105000  0.105000
   -5.238   -5.220   -5.220   -5.078   -5.078    0.039   17.368   19.369   19.369   21.588
   24.607
           -0.100000 -0.100000  0.100000
   -5.237   -5.221   -5.221   -5.078   -5.078    0.019   17.527   19.392   19.392   21.609
   24.552
           -0.095000 -0.095000  0.095000
   -5.237   -5.222   -5.222   -5.078   -5.078   -0.001   17.684   19.415   19.415   21.629
   24.496
           -0.090000 -0.090000  0.090000
   -5.237   -5.224   -5.224   -5.078   -5.078   -0.020   17.840   19.436   19.436   21.651
   24.442
           -0.085000 -0.085000  0.085000
   -5.237   -5.225   -5.225   -5.078   -5.078   -0.037   17.994   19.457   19.457   21.672
   24.389
           -0.080000 -0.080000  0.080000
   -5.237   -5.226   -5.226   -5.078   -5.078   -0.054   18.144   19.477   19.477   21.693
   24.338
           -0.075000 -0.075000  0.075000
   -5.237   -5.227   -5.227   -5.078   -5.078   -0.069   18.292   19.496   19.496   21.715
   24.287
           -0.070000 -0.070000  0.070000
   -5.237   -5.228   -5.228   -5.078   -5.078   -0.084   18.437   19.514   19.514   21.737
   24.238
           -0.065000 -0.065000  0.065000
   -5.237   -5.229   -5.229   -5.078   -5.078   -0.098   18.577   19.531   19.531   21.759
   24.189
           -0.060000 -0.060000  0.060000
   -5.237   -5.230   -5.230   -5.078   -5.078   -0.110   18.712   19.547   19.547   21.781
   24.142
           -0.055000 -0.055000  0.055000
   -5.237   -5.231   -5.231   -5.078   -5.078   -0.122   18.842   19.562   19.562   21.803
   24.096
           -0.050000 -0.050000  0.050000
   -5.237   -5.232   -5.232   -5.078   -5.078   -0.132   18.966   19.576   19.576   21.826
   24.052
           -0.045000 -0.045000  0.045000
   -5.237   -5.233   -5.233   -5.078   -5.078   -0.142   19.083   19.588   19.588   21.847
   24.008
           -0.040000 -0.040000  0.040000
   -5.236   -5.234   -5.234   -5.078   -5.078   -0.150   19.191   19.599   19.599   21.869
   23.965
           -0.035000 -0.035000  0.035000
   -5.236   -5.234   -5.234   -5.077   -5.077   -0.158   19.290   19.609   19.609   21.890
   23.924
           -0.030000 -0.030000  0.030000
   -5.236   -5.235   -5.235   -5.077   -5.077   -0.164   19.379   19.618   19.618   21.910
   23.885
           -0.025000 -0.025000  0.025000
   -5.236   -5.235   -5.235   -5.077   -5.077   -0.170   19.457   19.626   19.626   21.928
   23.849
           -0.020000 -0.020000  0.020000
   -5.236   -5.236   -5.236   -5.077   -5.077   -0.174   19.522   19.632   19.632   21.945
   23.817
           -0.015000 -0.015000  0.015000
   -5.236   -5.236   -5.236   -5.077   -5.077   -0.178   19.574   19.637   19.637   21.958
   23.790
           -0.010000 -0.010000  0.010000
   -5.236   -5.236   -5.236   -5.077   -5.077   -0.181   19.612   19.640   19.640   21.969
   23.769
           -0.005000 -0.005000  0.005000
   -5.236   -5.236   -5.236   -5.077   -5.077   -0.182   19.635   19.642   19.642   21.975
   23.756
            0.000000  0.000000  0.000000
   -5.236   -5.236   -5.236   -5.077   -5.077   -0.183   19.643   19.643   19.643   21.977
   23.752
           -0.010714  0.000000  0.010714
   -5.236   -5.236   -5.236   -5.077   -5.077   -0.181   19.622   19.635   19.644   21.971
   23.765
           -0.021429  0.000000  0.021429
   -5.236   -5.236   -5.236   -5.077   -5.077   -0.176   19.562   19.611   19.646   21.952
   23.803
           -0.032143  0.000000  0.032143
   -5.237   -5.235   -5.235   -5.078   -5.077   -0.169   19.465   19.571   19.650   21.923
   23.859
           -0.042857  0.000000  0.042857
   -5.237   -5.235   -5.233   -5.078   -5.077   -0.158   19.336   19.515   19.655   21.889
   23.925
           -0.053571  0.000000  0.053571
   -5.237   -5.234   -5.232   -5.079   -5.076   -0.144   19.181   19.443   19.662   21.853
   23.992
           -0.064286  0.000000  0.064286
   -5.237   -5.232   -5.230   -5.080   -5.076   -0.127   19.004   19.355   19.670   21.818
   24.053
           -0.075000  0.000000  0.075000
   -5.238   -5.231   -5.228   -5.080   -5.076   -0.107   18.811   19.252   19.680   21.789
   24.106
           -0.085714  0.000000  0.085714
   -5.238   -5.230   -5.225   -5.081   -5.075   -0.084   18.604   19.134   19.690   21.767
   24.151
           -0.096429  0.000000  0.096429
   -5.239   -5.228   -5.223   -5.082   -5.074   -0.058   18.387   19.004   19.701   21.753
   24.189
           -0.107143  0.000000  0.107143
   -5.239   -5.226   -5.220   -5.083   -5.073   -0.029   18.162   18.862   19.712   21.747
   24.221
           -0.117857  0.000000  0.117857
   -5.240   -5.224   -5.217   -5.084   -5.072    0.004   17.931   18.710   19.724   21.749
   24.249
           -0.128571  0.000000  0.128571
   -5.240   -5.221   -5.214   -5.086   -5.071    0.039   17.696   18.550   19.736   21.760
   24.274
           -0.139286  0.000000  0.139286
   -5.241   -5.219   -5.211   -5.087   -5.070    0.078   17.458   18.382   19.747   21.779
   24.294
           -0.150000  0.000000  0.150000
   -5.241   -5.216   -5.208   -5.088   -5.068    0.119   17.219   18.208   19.757   21.805
   24.310
           -0.160714  0.000000  0.160714
   -5.242   -5.213   -5.205   -5.090   -5.066    0.164   16.978   18.029   19.766   21.839
   24.318
           -0.171429  0.000000  0.171429
   -5.242   -5.210   -5.203   -5.091   -5.064    0.212   16.738   17.846   19.772   21.879
   24.314
           -0.182143  0.000000  0.182143
   -5.242   -5.206   -5.200   -5.093   -5.061    0.263   16.497   17.660   19.777   21.925
   24.288
           -0.192857  0.000000  0.192857
   -5.243   -5.203   -5.198   -5.094   -5.059    0.317   16.258   17.472   19.778   21.977
   24.228
           -0.203571  0.000000  0.203571
   -5.243   -5.199   -5.195   -5.096   -5.056    0.374   16.019   17.282   19.776   22.034
   24.130
           -0.214286  0.000000  0.214286
   -5.243   -5.195   -5.194   -5.097   -5.052    0.434   15.783   17.090   19.770   22.096
   24.002
           -0.225000  0.000000  0.225000
   -5.243   -5.192   -5.191   -5.099   -5.049    0.498   15.548   16.898   19.759   22.163
   23.856
           -0.235714  0.000000  0.235714
   -5.243   -5.191   -5.187   -5.100   -5.045    0.564   15.316   16.705   19.743   22.235
   23.702
           -0.246429  0.000000  0.246429
   -5.243   -5.190   -5.183   -5.101   -5.041    0.633   15.086   16.512   19.720   22.311
   23.543
           -0.257143  0.000000  0.257143
   -5.243   -5.190   -5.179   -5.103   -5.037    0.706   14.858   16.320   19.691   22.392
   23.382
           -0.267857  0.000000  0.267857
   -5.243   -5.189   -5.174   -5.104   -5.033    0.781   14.634   16.127   19.655   22.477
   23.222
           -0.278571  0.000000  0.278571
   -5.242   -5.189   -5.169   -5.105   -5.029    0.859   14.413   15.936   19.613   22.565
   23.062
           -0.289286  0.000000  0.289286
   -5.242   -5.190   -5.165   -5.107   -5.025    0.941   14.195   15.745   19.562   22.658
   22.904
           -0.300000  0.000000  0.300000
   -5.241   -5.191   -5.160   -5.108   -5.021    1.025   13.980   15.555   19.504   22.747
   22.754
           -0.310714  0.000000  0.310714
   -5.240   -5.191   -5.154   -5.109   -5.017    1.112   13.769   15.366   19.439   22.593
   22.854
           -0.321429  0.000000  0.321429
   -5.239   -5.193   -5.149   -5.109   -5.013    1.201   13.562   15.179   19.367   22.441
   22.958
           -0.332143  0.000000  0.332143
   -5.237   -5.194   -5.144   -5.110   -5.009    1.294   13.359   14.993   19.287   22.291
   23.065
           -0.342857  0.000000  0.342857
   -5.236   -5.196   -5.139   -5.111   -5.005    1.389   13.159   14.808   19.201   22.144
   23.175
           -0.353571  0.000000  0.353571
   -5.234   -5.198   -5.133   -5.111   -5.002    1.487   12.964   14.625   19.109   21.999
   23.289
           -0.364286  0.000000  0.364286
   -5.232   -5.200   -5.128   -5.111   -4.999    1.588   12.774   14.443   19.011   21.857
   23.406
           -0.375000  0.000000  0.375000
   -5.229   -5.202   -5.122   -5.112   -4.997    1.690   12.587   14.264   18.909   21.718
   23.526
           -0.385714  0.000000  0.385714
   -5.227   -5.204   -5.117   -5.111   -4.995    1.796   12.405   14.086   18.801   21.582
   23.649
           -0.396429  0.000000  0.396429
   -5.224   -5.207   -5.111   -5.111   -4.993    1.903   12.228   13.910   18.690   21.448
   23.776
           -0.407143  0.000000  0.407143
   -5.221   -5.210   -5.111   -5.105   -4.992    2.013   12.056   13.736   18.575   21.317
   23.905
           -0.417857  0.000000  0.417857
   -5.218   -5.213   -5.110   -5.099   -4.991    2.125   11.889   13.563   18.458   21.189
   24.037
           -0.428571  0.000000  0.428571
   -5.216   -5.214   -5.109   -5.094   -4.991    2.238   11.727   13.393   18.337   21.063
   24.172
           -0.439286  0.000000  0.439286
   -5.219   -5.210   -5.108   -5.088   -4.991    2.354   11.570   13.225   18.215   20.941
   24.310
           -0.450000  0.000000  0.450000
   -5.222   -5.206   -5.107   -5.082   -4.992    2.471   11.419   13.059   18.091   20.821
   24.450
           -0.460714  0.000000  0.460714
   -5.225   -5.202   -5.106   -5.076   -4.994    2.589   11.274   12.896   17.966   20.704
   24.594
           -0.471429  0.000000  0.471429
   -5.229   -5.197   -5.104   -5.070   -4.996    2.709   11.134   12.734   17.841   20.589
   24.740
           -0.482143  0.000000  0.482143
   -5.232   -5.192   -5.102   -5.064   -4.998    2.829   11.001   12.575   17.714   20.477
   24.888
           -0.492857  0.000000  0.492857
   -5.236   -5.187   -5.100   -5.058   -5.002    2.951   10.874   12.419   17.588   20.368
   25.040
           -0.503571  0.000000  0.503571
   -5.240   -5.181   -5.098   -5.052   -5.005    3.072   10.753   12.264   17.461   20.262
   25.194
           -0.514286  0.000000  0.514286
   -5.243   -5.176   -5.096   -5.046   -5.010    3.194   10.640   12.112   17.335   20.159
   25.350
           -0.525000  0.000000  0.525000
   -5.247   -5.170   -5.093   -5.040   -5.014    3.316   10.533   11.963   17.209   20.058
   25.509
           -0.535714  0.000000  0.535714
   -5.251   -5.163   -5.090   -5.035   -5.020    3.438   10.434   11.816   17.084   19.959
   25.670
           -0.546429  0.000000  0.546429
   -5.255   -5.157   -5.087   -5.029   -5.026    3.558   10.343   11.671   16.960   19.864
   25.834
           -0.557143  0.000000  0.557143
   -5.259   -5.150   -5.084   -5.032   -5.023    3.677   10.260   11.529   16.837   19.771
   26.000
           -0.567857  0.000000  0.567857
   -5.263   -5.143   -5.081   -5.039   -5.017    3.795   10.186   11.390   16.716   19.680
   26.168
           -0.578571  0.000000  0.578571
   -5.267   -5.136   -5.077   -5.047   -5.012    3.910   10.120   11.253   16.596   19.592
   26.339
           -0.589286  0.000000  0.589286
   -5.271   -5.128   -5.073   -5.055   -5.006    4.023   10.064   11.120   16.477   19.507
   26.512
           -0.600000  0.000000  0.600000
   -5.275   -5.121   -5.070   -5.063   -5.001    4.133   10.018   10.989   16.360   19.424
   26.687
           -0.610714  0.000000  0.610714
   -5.280   -5.113   -5.072   -5.065   -4.995    4.239    9.982   10.860   16.245   19.343
   26.864
           -0.621429  0.000000  0.621429
   -5.284   -5.105   -5.081   -5.061   -4.990    4.341    9.956   10.735   16.132   19.265
   27.044
           -0.632143  0.000000  0.632143
   -5.288   -5.097   -5.091   -5.057   -4.985    4.438    9.942   10.612   16.021   19.190
   27.188
           -0.642857  0.000000  0.642857
   -5.292   -5.101   -5.088   -5.053   -4.980    4.530    9.939   10.492   15.913   19.116
   26.879
           -0.653571  0.000000  0.653571
   -5.297   -5.111   -5.080   -5.048   -4.975    4.617    9.948   10.376   15.806   19.045
   26.554
           -0.664286  0.000000  0.664286
   -5.301   -5.121   -5.072   -5.043   -4.970    4.698    9.968   10.262   15.702   18.977
   26.224
           -0.675000  0.000000  0.675000
   -5.305   -5.132   -5.063   -5.039   -4.965    4.773   10.001   10.151   15.601   18.910
   25.892
           -0.685714  0.000000  0.685714
   -5.310   -5.143   -5.054   -5.034   -4.960    4.842   10.044   10.046   15.501   18.846
   25.561
           -0.696429  0.000000  0.696429
   -5.314   -5.153   -5.046   -5.029   -4.955    4.904    9.939   10.104   15.405   18.784
   25.231
           -0.707143  0.000000  0.707143
   -5.318   -5.164   -5.037   -5.024   -4.951    4.960    9.838   10.173   15.311   18.724
   24.901
           -0.717857  0.000000  0.717857
   -5.323   -5.175   -5.029   -5.019   -4.947    5.009    9.740   10.255   15.220   18.666
   24.574
           -0.728571  0.000000  0.728571
   -5.327   -5.186   -5.020   -5.015   -4.942    5.052    9.645   10.348   15.132   18.610
   24.249
           -0.739286  0.000000  0.739286
   -5.332   -5.197   -5.012   -5.010   -4.938    5.090    9.553   10.452   15.047   18.557
   23.926
           -0.750000  0.000000  0.750000
   -5.336   -5.207   -5.005   -5.003   -4.934    5.122    9.465   10.566   14.964   18.505
   23.606
           -0.753571  0.000000  0.739286
   -5.334   -5.204   -5.007   -5.006   -4.935    5.112    9.495   10.527   14.983   18.532
   23.713
           -0.757143 -0.000000  0.728571
   -5.333   -5.200   -5.010   -5.008   -4.936    5.103    9.526   10.490   14.984   18.580
   23.821
           -0.760714 -0.000000  0.717857
   -5.330   -5.197   -5.014   -5.010   -4.936    5.093    9.560   10.455   14.970   18.647
   23.930
           -0.764286 -0.000000  0.707143
   -5.328   -5.193   -5.019   -5.012   -4.936    5.083    9.596   10.423   14.940   18.732
   24.041
           -0.767857  0.000000  0.696429
   -5.325   -5.190   -5.025   -5.014   -4.936    5.074    9.633   10.392   14.898   18.834
   24.153
           -0.771429  0.000000  0.685714
   -5.322   -5.186   -5.031   -5.016   -4.935    5.065    9.673   10.362   14.843   18.951
   24.266
           -0.775000  0.000000  0.675000
   -5.318   -5.183   -5.037   -5.017   -4.935    5.056    9.714   10.335   14.779   19.081
   24.380
           -0.778571  0.000000  0.664286
   -5.315   -5.180   -5.044   -5.019   -4.934    5.047    9.757   10.310   14.707   19.223
   24.495
           -0.782143  0.000000  0.653571
   -5.311   -5.176   -5.051   -5.021   -4.933    5.038    9.803   10.286   14.628   19.375
   24.611
           -0.785714  0.000000  0.642857
   -5.307   -5.173   -5.058   -5.023   -4.932    5.030    9.849   10.263   14.543   19.535
   24.728
           -0.789286 -0.000000  0.632143
   -5.302   -5.170   -5.065   -5.024   -4.930    5.022    9.898   10.242   14.455   19.703
   24.846
           -0.792857 -0.000000  0.621429
   -5.298   -5.167   -5.073   -5.026   -4.929    5.014    9.949   10.223   14.363   19.877
   24.963
           -0.796429  0.000000  0.610714
   -5.293   -5.164   -5.081   -5.027   -4.928    5.006   10.001   10.205   14.270   20.056
   25.081
           -0.800000  0.000000  0.600000
   -5.288   -5.162   -5.089   -5.028   -4.927    4.999   10.055   10.188   14.175   20.239
   25.196
           -0.803571  0.000000  0.589286
   -5.283   -5.159   -5.097   -5.029   -4.925    4.992   10.110   10.172   14.080   20.426
   25.308
           -0.807143  0.000000  0.578571
   -5.278   -5.157   -5.105   -5.030   -4.924    4.985   10.157   10.168   13.984   20.615
   25.410
           -0.810714  0.000000  0.567857
   -5.273   -5.154   -5.114   -5.031   -4.923    4.979   10.142   10.227   13.890   20.805
   25.489
           -0.814286  0.000000  0.557143
   -5.268   -5.152   -5.122   -5.031   -4.921    4.973   10.128   10.288   13.796   20.996
   25.508
           -0.817857  0.000000  0.546429
   -5.263   -5.150   -5.131   -5.031   -4.920    4.968   10.115   10.350   13.704   21.187
   25.401
           -0.821429 -0.000000  0.535714
   -5.258   -5.148   -5.139   -5.031   -4.919    4.963   10.101   10.414   13.615   21.375
   25.214
           -0.825000 -0.000000  0.525000
   -5.253   -5.148   -5.146   -5.030   -4.917    4.959   10.088   10.479   13.527   21.559
   25.027
           -0.828571 -0.000000  0.514286
   -5.249   -5.157   -5.144   -5.029   -4.916    4.955   10.074   10.546   13.443   21.737
   24.842
           -0.832143  0.000000  0.503571
   -5.245   -5.165   -5.142   -5.028   -4.915    4.952   10.060   10.614   13.362   21.905
   24.658
           -0.835714  0.000000  0.492857
   -5.241   -5.174   -5.139   -5.026   -4.914    4.949   10.045   10.684   13.285   22.058
   24.475
           -0.839286  0.000000  0.482143
   -5.238   -5.183   -5.136   -5.025   -4.913    4.946   10.029   10.756   13.212   22.190
   24.294
           -0.842857  0.000000  0.471429
   -5.236   -5.192   -5.133   -5.023   -4.911    4.944   10.012   10.828   13.143   22.294
   24.113
           -0.846429  0.000000  0.460714
   -5.234   -5.200   -5.129   -5.020   -4.910    4.943    9.993   10.903   13.079   22.360
   23.934
           -0.850000 -0.000000  0.450000
   -5.233   -5.209   -5.124   -5.018   -4.909    4.942    9.972   10.978   13.020   22.382
   23.756
           -0.853571 -0.000000  0.439286
   -5.232   -5.217   -5.120   -5.015   -4.908    4.942    9.950   11.055   12.966   22.361
   23.579
           -0.857143 -0.000000  0.428571
   -5.232   -5.226   -5.114   -5.013   -4.907    4.943    9.925   11.133   12.918   22.299
   23.404
           -0.860714  0.000000  0.417857
   -5.234   -5.233   -5.108   -5.010   -4.906    4.944    9.898   11.212   12.876   22.205
   23.230
           -0.864286  0.000000  0.407143
   -5.243   -5.234   -5.102   -5.007   -4.905    4.945    9.868   11.292   12.839   22.088
   23.057
           -0.867857  0.000000  0.396429
   -5.251   -5.236   -5.095   -5.004   -4.904    4.948    9.836   11.373   12.809   21.953
   22.886
           -0.871429  0.000000  0.385714
   -5.259   -5.238   -5.088   -5.001   -4.903    4.950    9.802   11.456   12.784   21.806
   22.717
           -0.875000  0.000000  0.375000
   -5.267   -5.241   -5.081   -4.998   -4.902    4.954    9.765   11.539   12.766   21.651
   22.549
           -0.878571  0.000000  0.364286
   -5.275   -5.243   -5.074   -4.994   -4.901    4.958    9.726   11.624   12.754   21.491
   22.382
           -0.882143 -0.000000  0.353571
   -5.283   -5.246   -5.066   -4.991   -4.900    4.962    9.684   11.709   12.747   21.327
   22.217
           -0.885714 -0.000000  0.342857
   -5.291   -5.250   -5.059   -4.988   -4.899    4.968    9.640   11.795   12.747   21.161
   22.054
           -0.889286 -0.000000  0.332143
   -5.298   -5.253   -5.051   -4.984   -4.899    4.973    9.594   11.881   12.752   20.993
   21.893
           -0.892857 -0.000000  0.321429
   -5.306   -5.256   -5.043   -4.981   -4.898    4.980    9.547   11.969   12.763   20.826
   21.734
           -0.896429  0.000000  0.310714
   -5.313   -5.260   -5.036   -4.978   -4.897    4.987    9.497   12.057   12.778   20.658
   21.576
           -0.900000  0.000000  0.300000
   -5.320   -5.263   -5.028   -4.974   -4.896    4.994    9.447   12.145   12.799   20.491
   21.421
           -0.903571  0.000000  0.289286
   -5.327   -5.267   -5.021   -4.971   -4.896    5.002    9.395   12.234   12.824   20.326
   21.267
           -0.907143  0.000000  0.278571
   -5.334   -5.270   -5.014   -4.967   -4.895    5.010    9.343   12.323   12.854   20.161
   21.116
           -0.910714  0.000000  0.267857
   -5.340   -5.274   -5.007   -4.964   -4.894    5.019    9.290   12.412   12.888   19.999
   20.967
           -0.914286 -0.000000  0.257143
   -5.346   -5.277   -5.000   -4.960   -4.894    5.028    9.237   12.501   12.926   19.838
   20.820
           -0.917857 -0.000000  0.246429
   -5.352   -5.281   -4.994   -4.957   -4.893    5.037    9.184   12.590   12.967   19.680
   20.676
           -0.921429  0.000000  0.235714
   -5.358   -5.284   -4.988   -4.953   -4.893    5.047    9.131   12.679   13.011   19.524
   20.535
           -0.925000  0.000000  0.225000
   -5.364   -5.288   -4.982   -4.949   -4.892    5.057    9.078   12.767   13.058   19.371
   20.397
           -0.928571  0.000000  0.214286
   -5.369   -5.291   -4.977   -4.945   -4.892    5.068    9.027   12.855   13.108   19.220
   20.261
           -0.932143  0.000000  0.203571
   -5.375   -5.294   -4.972   -4.941   -4.891    5.078    8.976   12.942   13.160   19.073
   20.129
           -0.935714  0.000000  0.192857
   -5.380   -5.297   -4.968   -4.937   -4.891    5.089    8.926   13.027   13.215   18.929
   20.000
           -0.939286  0.000000  0.182143
   -5.384   -5.300   -4.964   -4.933   -4.890    5.099    8.878   13.112   13.270   18.789
   19.875
           -0.942857  0.000000  0.171429
   -5.389   -5.303   -4.960   -4.928   -4.890    5.110    8.832   13.195   13.327   18.653
   19.754
           -0.946429 -0.000000  0.160714
   -5.393   -5.306   -4.957   -4.924   -4.889    5.120    8.787   13.276   13.385   18.521
   19.637
           -0.950000 -0.000000  0.150000
   -5.397   -5.308   -4.954   -4.920   -4.889    5.130    8.744   13.354   13.443   18.394
   19.525
           -0.953571 -0.000000  0.139286
   -5.401   -5.311   -4.952   -4.916   -4.889    5.140    8.703   13.430   13.501   18.272
   19.417
           -0.957143 -0.000000  0.128571
   -5.404   -5.313   -4.950   -4.912   -4.889    5.150    8.665   13.504   13.559   18.155
   19.315
           -0.960714  0.000000  0.117857
   -5.407   -5.315   -4.948   -4.908   -4.888    5.159    8.628   13.573   13.616   18.044
   19.219
           -0.964286  0.000000  0.107143
   -5.410   -5.317   -4.946   -4.904   -4.888    5.168    8.595   13.640   13.671   17.939
   19.129
           -0.967857  0.000000  0.096429
   -5.413   -5.319   -4.944   -4.901   -4.888    5.176    8.564   13.701   13.724   17.842
   19.045
           -0.971429  0.000000  0.085714
   -5.415   -5.321   -4.943   -4.898   -4.888    5.184    8.536   13.758   13.774   17.752
   18.968
           -0.975000 -0.000000  0.075000
   -5.417   -5.322   -4.942   -4.896   -4.887    5.191    8.511   13.810   13.820   17.670
   18.899
           -0.978571 -0.000000  0.064286
   -5.419   -5.323   -4.941   -4.893   -4.887    5.197    8.489   13.856   13.862   17.598
   18.838
           -0.982143 -0.000000  0.053571
   -5.421   -5.324   -4.940   -4.891   -4.887    5.202    8.471   13.896   13.900   17.535
   18.785
           -0.985714  0.000000  0.042857
   -5.422   -5.325   -4.939   -4.890   -4.887    5.206    8.455   13.930   13.932   17.482
   18.741
           -0.989286  0.000000  0.032143
   -5.423   -5.326   -4.939   -4.889   -4.887    5.210    8.443   13.956   13.957   17.440
   18.707
           -0.992857  0.000000  0.021429
   -5.424   -5.326   -4.938   -4.888   -4.887    5.212    8.435   13.975   13.976   17.410
   18.682
           -0.996429  0.000000  0.010714
   -5.424   -5.327   -4.938   -4.887   -4.887    5.214    8.430   13.987   13.987   17.392
   18.667
           -1.000000  0.000000  0.000000
   -5.424   -5.327   -4.938   -4.887   -4.887    5.214    8.428   13.991   13.991   17.386
   18.662
